1755230341
1755232991
1755236075
1755240345
1755243003
1755246735
1755247187
1755249967
1755250358
1755253557
1755254156
1755256807
1755257213
1755262167
1755264827
1755267815
1755271518
1755275397
1755278484
1755282926
1755285518
1755289578
1755316357
1755319096
1755322333
1755326550
1755329263
1755333367
1755336593
1755340398
1755343510
1755403289
1755405891
1755405939
1755408812
1755413005
1755415697
1755419786
1755419845
1755422978
1755426840
1755429937
1755444635
1755490057
1755492645
1755492674
1755495476
1755499812
1755502369
1755506104
1755506649
1755509444
1755509859
1755512891
1755513548
1755516102
1755516503
1755521621
1755524332
1755527149
1755530871
1755531314
1755534718
1755537820
1755542169
1755544793
1755548695
1755575293
1755578093
1755578133
1755581525
1755585850
1755588515
1755592293
1755592725
1755592831
1755595532
1755595901
1755599137
1755599725
1755602368
1755602773
1755607693
1755610400
1755613397
1755617143
1755617571
1755620988
1755624031
1755628302
1755631101
1755635141
1755661602
1755664512
1755667931
1755672269
1755674953
1755678691
1755679066
1755681967
1755682310
1755685543
1755686130
1755688763
1755689186
1755694182
1755696798
1755699861
1755703539
1755707329
1755710422
1755714844
1755717517
1755721564
1755765061
1755768375
1755771907
1755775203
1755780546
1755783228
1755786225
1755789936
1755793730
1755796835
1755801124
1755803908
1755807914
1755851456
1755854705
1755858290
1755861532
1755866859
1755869496
1755872549
1755876233
1755880112
1755883226
1755887545
1755890340
1755894319
1756010338
1756024413
1756049328
1756096909
